15
64
0.0583846 0.0515311 0.045224 0.0565982 0.0507597 0.047856 0.0500153 0.0557699 0.0564794 0.0530565 0.0531805 0.0597011 0.0639594 0.055254 0.0519973 0.0642443 0.0845001 0.089469 0.0904285 0.0929414 0.0775898 0.0874657 0.107885 0.103329 0.0844858 0.0888014 0.109683 0.109462 0.0854758 0.0811294 0.0910306 0.100215 0.112141 0.132343 0.150187 0.147228 0.109169 0.140257 0.181413 0.166124 0.105362 0.130408 0.163191 0.153638 0.0939114 0.106309 0.117319 0.118846 0.100882 0.0914003 0.0959149 0.110049 0.0905719 0.08928 0.10089 0.106039 0.0840866 0.0825453 0.0885251 0.0956668 0.0789839 0.0738288 0.0696158 0.0800445 
0.06738 0.0591006 0.0263956 0.0468138 0.0158052 0.0126587 0.0084582 0.0131676 0.00541444 0.00585641 0.00521332 0.00541651 0.00626497 0.00648173 0.0043859 0.0047083 0.133997 0.128325 0.0602996 0.0855182 0.0249757 0.0224265 0.0132602 0.0181046 0.00650851 0.00715058 0.00595015 0.00620803 0.0063884 0.00650097 0.00446175 0.00521523 0.260606 0.247407 0.130044 0.172175 0.0521583 0.0468218 0.0248088 0.0326046 0.00840235 0.00840089 0.00628433 0.0070667 0.00713818 0.00659799 0.00454869 0.00587099 0.39146 0.371495 0.200255 0.253118 0.0899036 0.0836105 0.0411622 0.0491745 0.012225 0.0129532 0.0100095 0.0100925 0.00877718 0.00799686 0.0075415 0.0089514 
0.318136 0.232286 0.454409 0.539824 0.105526 0.0832645 0.160274 0.187197 0.0239915 0.0182431 0.0336441 0.041664 0.00754377 0.00876707 0.00941662 0.0084056 0.0473853 0.0319823 0.0815161 0.0955802 0.012001 0.0120669 0.0204419 0.0221242 0.00603846 0.00605165 0.0059496 0.00639614 0.00442963 0.00462789 0.00393879 0.003727 0.00939957 0.00646353 0.00581259 0.00905223 0.00488284 0.00437838 0.0035306 0.00427845 0.00468241 0.00439776 0.00356283 0.00382456 0.00378479 0.00357728 0.003196 0.00324651 0.0079805 0.00773417 0.0054351 0.00575779 0.00395172 0.00381296 0.00359558 0.00389945 0.00381181 0.0035081 0.00342902 0.00365515 0.00362658 0.00284395 0.00352005 0.00398779 
0.0129174 0.0115701 0.00992893 0.0137111 0.0133409 0.0146356 0.0130448 0.0141547 0.0546913 0.0456555 0.025213 0.039268 0.195214 0.141264 0.0614585 0.157214 0.0128773 0.0102561 0.00635401 0.0113075 0.0124286 0.011341 0.00845967 0.0116628 0.0645645 0.0471379 0.022195 0.0441953 0.274582 0.191185 0.0837986 0.220799 0.0131472 0.0103501 0.00523404 0.0100713 0.0120426 0.0102869 0.00649105 0.0100013 0.0686775 0.0457943 0.0177037 0.0443436 0.345145 0.250836 0.0966457 0.248256 0.01423 0.01459 0.0100048 0.0121709 0.0132033 0.014162 0.0118206 0.0136513 0.0659477 0.043775 0.0236287 0.0512764 0.293481 0.224821 0.081118 0.206153 
0.00606123 0.00578684 0.00617778 0.00638866 0.0195066 0.0201684 0.0120802 0.010808 0.140443 0.126812 0.0568936 0.0689209 0.324522 0.262736 0.136092 0.231096 0.00457391 0.00492358 0.0042822 0.00416705 0.00858917 0.0091623 0.00647045 0.00640753 0.0835174 0.0838758 0.0428764 0.0446689 0.334037 0.342668 0.215325 0.223758 0.00427951 0.00569696 0.00490009 0.00411136 0.00549495 0.00714269 0.00686136 0.00618145 0.0255168 0.0299699 0.0205061 0.0194001 0.135001 0.167081 0.105548 0.0813032 0.00474418 0.00513243 0.00376703 0.00315698 0.00499399 0.00486115 0.00474893 0.00473894 0.00903346 0.00788573 0.00683915 0.00846257 0.0343144 0.0367966 0.0203517 0.0196465 
0.398193 0.257187 0.101168 0.301129 0.0655756 0.0335719 0.0208712 0.0528785 0.00756276 0.00733033 0.00725011 0.00854662 0.00796972 0.0077348 0.00620277 0.00736793 0.348713 0.217489 0.11112 0.292698 0.0450252 0.0254697 0.0128324 0.0333872 0.00615422 0.005503 0.00482545 0.00653438 0.00714645 0.00565157 0.0041591 0.00665918 0.20877 0.130839 0.0653991 0.182694 0.0287772 0.0199748 0.0119361 0.022475 0.00568997 0.00603555 0.00607042 0.0070565 0.00679688 0.00576064 0.00501896 0.00728622 0.124156 0.0814173 0.0288989 0.0994727 0.0204171 0.0158889 0.00902811 0.0147043 0.00534001 0.00579029 0.00597096 0.00637126 0.00691874 0.0053618 0.00511382 0.00745918 
0.00449861 0.00439838 0.00638622 0.00620659 0.00737951 0.0108384 0.00978819 0.00673924 0.0685073 0.0963827 0.0624212 0.0388088 0.451339 0.575372 0.375407 0.259861 0.00294734 0.00278164 0.00277191 0.00292681 0.00378739 0.00385253 0.00380331 0.00380372 0.00804678 0.012221 0.00939253 0.00691886 0.0902984 0.128547 0.0725214 0.0387708 0.00277409 0.00266319 0.00235023 0.0024031 0.00327628 0.00312104 0.00308292 0.0031978 0.003889 0.00363397 0.00344401 0.00376392 0.0163526 0.0155215 0.00634129 0.00777331 0.00312095 0.00328588 0.00247444 0.0019676 0.00265421 0.00278896 0.00280114 0.00256475 0.00311668 0.00315312 0.00332053 0.00327124 0.00943509 0.00666744 0.00601412 0.00854264 
0.0328698 0.0339996 0.0296981 0.0325351 0.0992716 0.0877353 0.0484467 0.0683133 0.202846 0.157116 0.072034 0.154705 0.104692 0.0856965 0.0688435 0.0986177 0.027435 0.0244362 0.0176683 0.0240537 0.099245 0.0778259 0.0337635 0.0634189 0.246139 0.183421 0.0661925 0.169529 0.111421 0.08719 0.0554203 0.0902714 0.0248217 0.0217774 0.013931 0.020223 0.0897902 0.0650952 0.0280633 0.0612991 0.240817 0.183669 0.0653762 0.162756 0.115226 0.0989894 0.0617163 0.0886782 0.027153 0.0278617 0.0227792 0.0260455 0.0795583 0.0581865 0.0364241 0.0663301 0.191558 0.151772 0.0645229 0.139968 0.109575 0.103687 0.071134 0.0866992 
0.00610634 0.00546393 0.00499195 0.00520963 0.00962393 0.0084769 0.00639392 0.00796373 0.0123006 0.0105643 0.0102161 0.0124294 0.0237905 0.0180812 0.0209494 0.026481 0.00806937 0.00911247 0.00979753 0.00866655 0.0204244 0.0203631 0.0212073 0.022445 0.0385297 0.0373358 0.0516505 0.054514 0.061306 0.0564341 0.0919257 0.0950513 0.0164914 0.0187091 0.0229592 0.0230379 0.0618092 0.0563455 0.0665183 0.0773052 0.140705 0.132744 0.172214 0.188187 0.146334 0.165542 0.235092 0.224909 0.0343155 0.0258231 0.0356479 0.0431397 0.111621 0.0762058 0.0909657 0.124726 0.209578 0.166152 0.174183 0.221949 0.163068 0.163427 0.17557 0.182619 
0.0805861 0.152533 0.176532 0.137146 0.111271 0.222493 0.266548 0.198725 0.130005 0.245025 0.31962 0.251569 0.104125 0.188883 0.25539 0.21309 0.0297485 0.0390182 0.0474545 0.0426507 0.0270174 0.0470747 0.062165 0.046344 0.02839 0.0526787 0.0727874 0.0515404 0.0352294 0.0567602 0.0669158 0.0495829 0.0186456 0.0140514 0.00855196 0.0158537 0.0139509 0.0115864 0.00807199 0.0123128 0.0124521 0.0108381 0.00805959 0.0111404 0.0195754 0.0169828 0.0100614 0.0151224 0.0166264 0.0131461 0.00660431 0.0128601 0.0121015 0.0101906 0.00634111 0.0103325 0.0110107 0.00942032 0.00666863 0.00990296 0.0168034 0.0128754 0.00756536 0.0139681 
0.136006 0.124299 0.131738 0.148292 0.192827 0.131303 0.139922 0.204339 0.112279 0.0654149 0.0873527 0.128465 0.0338437 0.0233825 0.038563 0.0459619 0.159122 0.163206 0.23476 0.238055 0.160236 0.119773 0.172394 0.215137 0.0652754 0.0439133 0.059106 0.0820658 0.0157333 0.0134101 0.0165272 0.0193261 0.103957 0.0849982 0.139056 0.155564 0.0584657 0.0440166 0.0696305 0.0855243 0.0228232 0.0183249 0.020478 0.0272451 0.0092854 0.00832572 0.00803075 0.00940673 0.0506104 0.0321451 0.0376661 0.0559929 0.0197593 0.0145429 0.0144958 0.0203115 0.011725 0.00951828 0.00738272 0.0103096 0.00856328 0.00646815 0.00610026 0.00780699 
0.081274 0.0881579 0.0706026 0.0694554 0.115992 0.122337 0.0978133 0.10115 0.122385 0.122817 0.115132 0.126604 0.113479 0.102402 0.113251 0.132555 0.0622713 0.103414 0.112403 0.0909086 0.0995817 0.165059 0.181115 0.143398 0.116392 0.194621 0.239101 0.19099 0.102514 0.161104 0.208766 0.180502 0.0297963 0.0356266 0.0431051 0.0403256 0.039019 0.0552623 0.0641945 0.0525296 0.0405343 0.0674415 0.0852669 0.0619652 0.0482391 0.0727597 0.0845832 0.0654339 0.0184904 0.0140006 0.0109974 0.0170375 0.0189819 0.0157768 0.0111859 0.0165145 0.0176136 0.0162998 0.0135396 0.0159646 0.0260989 0.024139 0.0180951 0.0223179 
0.117381 0.112015 0.0700713 0.0877507 0.173496 0.138865 0.0571979 0.127062 0.0651813 0.0485724 0.03195 0.0556099 0.0239545 0.0243765 0.0205764 0.0234966 0.129638 0.117751 0.0680474 0.0934399 0.225756 0.176701 0.0616658 0.151761 0.0731714 0.0525059 0.0242154 0.0519268 0.0212775 0.0191173 0.0125292 0.0175788 0.126169 0.106237 0.0624609 0.0971127 0.254772 0.194385 0.0684111 0.170082 0.0839551 0.0638364 0.0264965 0.0527744 0.0215442 0.018516 0.0128383 0.0183991 0.115507 0.094929 0.068756 0.103147 0.221868 0.171445 0.0720638 0.161127 0.0907404 0.0796783 0.0422875 0.0596292 0.0260279 0.0269441 0.0250109 0.0274798 
0.0130346 0.0107464 0.00753495 0.0114479 0.0079081 0.00744374 0.00593119 0.00744302 0.00781681 0.00719172 0.00522148 0.00698496 0.0103006 0.00892504 0.00565828 0.00811191 0.0195392 0.0221739 0.0185423 0.0173131 0.0122885 0.0146442 0.0140787 0.0126788 0.0114547 0.0120542 0.0106064 0.0113109 0.0129942 0.0112304 0.00922279 0.0122794 0.0520787 0.0864378 0.101356 0.0729201 0.0477938 0.0817505 0.0980766 0.0691299 0.035501 0.0580869 0.0668999 0.0495747 0.025996 0.0364585 0.043805 0.0371987 0.126799 0.211134 0.265687 0.216459 0.154365 0.250159 0.290369 0.23113 0.113523 0.197797 0.219216 0.167217 0.0699768 0.12618 0.14392 0.112305 
0.00307079 0.00206507 0.00260608 0.00341556 0.00296088 0.00265755 0.00261253 0.00284886 0.00353184 0.00334818 0.00321174 0.00341201 0.00873701 0.00777606 0.00602206 0.00686093 0.00324249 0.0027941 0.00269544 0.00306556 0.00402179 0.00370173 0.00359506 0.00381805 0.00492308 0.00455558 0.00418182 0.00465558 0.0176115 0.00983829 0.0105373 0.0189859 0.0040633 0.00390766 0.00375054 0.0038638 0.00479754 0.00486724 0.00507804 0.00507755 0.0133955 0.0108495 0.0144422 0.0182562 0.0976914 0.056155 0.0921361 0.137329 0.00729178 0.00844027 0.00929671 0.00825943 0.0150382 0.0141234 0.0235843 0.0261648 0.0880152 0.0660298 0.109576 0.134899 0.396109 0.279096 0.393359 0.518487 
